gcc main.c bignum.c ../../_common_libs/radix25.c -o out
x: 
56979096, 8570560, 26308014, 24122168, 49219689, 1458285, 8700581, 25970563, 8273080, 7714699, 
z2: 
50930837, 20740871, 14005878, 20138371, 10482029, 16231300, 44082054, 33522090, 51821034, 13706240, 
t: 
50106187, 21029949, 57791077, 12795838, 16475153, 29972673, 59712616, 11747338, 22499141, 11357625, 
t: 
39907819, 12753165, 44623054, 2652141, 28360218, 367167, 17971751, 18749786, 25524492, 26432548, 
z9: 
9598367, 17250786, 61790948, 9519107, 7552277, 7289867, 4975707, 32168128, 26272425, 6431974, 
z11: 
44155445, 23233382, 31582392, 20755348, 27809927, 10728620, 64368970, 15966897, 61826848, 14145358, 
t: 
65477561, 21553406, 44244437, 33494290, 41168308, 690314, 59005040, 33276151, 57877960, 29541623, 
z2_5_0: 
6261046, 5737713, 25080186, 22715552, 50297790, 13698530, 40014325, 19055686, 66606828, 7322238, 
t: 
45026065, 3639674, 32955883, 16477634, 30871809, 19970574, 60845608, 21052437, 7774679, 5967931, 
t: 
2319901, 33494670, 42270316, 22182792, 8490158, 5670114, 66654952, 16139769, 49973804, 6092219, 
t: 
60921448, 29348406, 50977918, 15300328, 16273763, 3867378, 44778186, 15465116, 43878577, 30713778, 
t: 
47118559, 31850257, 11143127, 27796520, 22265475, 6929809, 2684624, 13767970, 20248059, 13206611, 
t: 
23027537, 15559973, 56645200, 22327053, 56414755, 28313703, 7929262, 3069691, 1377370, 25392385, 
z2_10_0: 
10812619, 9244545, 16108257, 13643981, 48129648, 5637904, 53742159, 21225230, 26539475, 12971105, 
t: 
16023400, 5135474, 34893710, 4180911, 38751073, 22383303, 55017164, 13566846, 15575458, 168299, 
t: 
12402143, 3176824, 61973329, 18513858, 14571182, 5657754, 54736189, 26714886, 8156757, 16664577, 
t: 
66630179, 8747747, 56844374, 6878013, 66844933, 15232846, 8329103, 19412577, 65042707, 31488241, 
t: 
42415627, 27986435, 32291640, 29414649, 49469966, 27283631, 51763554, 22632099, 8431646, 25804091, 
t: 
21997696, 2725596, 56455612, 6138446, 29151274, 29375779, 53881939, 11991217, 56093317, 17025956, 
t: 
2235092, 20104631, 15929182, 6958176, 28944323, 13093165, 32698762, 8054804, 44968073, 10457410, 
t: 
4086278, 15028067, 59555831, 14859315, 65629106, 10518001, 55966825, 16353899, 8468890, 24603403, 
t: 
14049226, 33422013, 11849751, 27513873, 15445585, 30177825, 53611337, 8202103, 15203638, 25502776, 
t: 
20542083, 17147421, 9581691, 9925743, 42860782, 28169924, 24214541, 15771819, 6317053, 5200362, 
t: 
50970215, 9368433, 38498845, 30654512, 17850866, 10509961, 7147340, 32150222, 19500844, 28414751, 
z2_20_0: 
5197173, 30124722, 49214502, 5928629, 41248181, 23377041, 40096450, 28618697, 37245138, 1745068, 
t: 
42057099, 2130671, 38501643, 2690434, 6014776, 10789221, 31007808, 19936236, 1352991, 10243197, 
t: 
50319167, 31112723, 310704, 9689168, 27783160, 26783073, 30395224, 29415566, 40532541, 21620464, 
t: 
53155802, 12536812, 26197812, 25146183, 67041809, 25531578, 16462794, 5364822, 32916443, 15403365, 
t: 
38081581, 29526096, 34289053, 22542626, 29106236, 27705853, 60384486, 27719750, 66001072, 8815062, 
t: 
34097866, 23779466, 46114096, 15765492, 16859559, 31008400, 4955596, 19404158, 15269167, 20473270, 
t: 
15529365, 20606657, 26506250, 8414977, 61043459, 14266233, 51748429, 24882656, 4393077, 22662570, 
t: 
52487908, 3716537, 62099911, 19837944, 17854486, 14383041, 17677920, 8196044, 59776124, 1036087, 
t: 
47444804, 2836048, 14065638, 15897025, 30451306, 23776722, 44337416, 28703675, 61432322, 27238290, 
t: 
56633155, 32699806, 37130022, 33053816, 38392563, 6029630, 51851014, 5474748, 5650286, 28929140, 
t: 
46023879, 15357899, 4461534, 24167924, 6125606, 14289816, 51724733, 10576554, 2192222, 28289059, 
t: 
7258923, 31993217, 43341369, 345008, 44453287, 27139782, 6219295, 24862600, 43447979, 18155446, 
t: 
24818664, 29357422, 62118008, 19588577, 56433484, 25663304, 23263202, 10513142, 3540982, 33137754, 
t: 
21819881, 24181330, 63248021, 6107760, 57561146, 12273811, 13233286, 7236786, 11949742, 26408309, 
t: 
33080141, 28344651, 34054201, 11574552, 60327671, 12655498, 48604233, 32981844, 7339812, 16200282, 
t: 
32289964, 21584121, 23050305, 10225520, 11061757, 10765330, 10640852, 17139242, 42010502, 8245083, 
t: 
15184872, 17775, 12057468, 30622805, 46054817, 7104827, 28037452, 5055336, 41185525, 26774787, 
t: 
33596767, 29178378, 65038707, 19568140, 34490943, 7643565, 789749, 5956671, 23093011, 4542076, 
t: 
4336142, 12409062, 60831037, 29211089, 39091622, 16474550, 50042093, 16454465, 9730497, 21614658, 
t: 
65375598, 2105019, 63815038, 19671900, 55900378, 23784239, 32838009, 27762739, 37432928, 11346508, 
t: 
42314148, 12321302, 37420796, 2224806, 23621643, 1649842, 18608835, 6640079, 7760272, 6201827, 
t: 
37434503, 26272284, 33755098, 733706, 26844254, 31605860, 4157030, 23762521, 61495242, 2767786, 
t: 
39953428, 25581804, 34067532, 13468550, 16572315, 6595536, 62433958, 12088320, 7104548, 22183244, 
t: 
39449634, 8431554, 56919013, 11497384, 29783263, 6930929, 4906963, 730046, 59170595, 16153578, 
t: 
2201562, 9317719, 10571773, 8662488, 41819488, 33001075, 41632981, 13072966, 26855867, 1120346, 
t: 
12183444, 15967989, 63895879, 13704400, 32880766, 2069623, 39354337, 12121335, 60508268, 11509903, 
t: 
5855598, 27128854, 34392581, 20736201, 12586861, 9164738, 22331590, 6670744, 26657918, 29624122, 
t: 
8498944, 13460798, 15596856, 3807958, 55283218, 10741604, 51376156, 26370134, 45467493, 30575777, 
t: 
37824326, 4866307, 55285066, 1190216, 10825015, 21859858, 31891186, 6344690, 8935763, 26589316, 
t: 
42173513, 26077987, 33170985, 22811114, 33602118, 24332598, 64113322, 6920621, 4301193, 9043366, 
t: 
50677800, 9345659, 56143141, 13778852, 24814650, 18768275, 13258149, 3855310, 65435704, 23174152, 
t: 
52249018, 28116858, 32349700, 20548104, 39437691, 12562619, 823126, 86920, 33482504, 27765994, 
z2_50_0: 
60495106, 734764, 19171841, 6544857, 39034233, 13879117, 40636983, 5365615, 25946639, 23169666, 
t: 
12492807, 13011421, 37005610, 2435378, 8407946, 7561385, 48062972, 21966234, 38084053, 5207113, 
t: 
8693701, 2915130, 41686698, 531977, 22501995, 18380103, 51116602, 28993970, 34939839, 6017631, 
t: 
37276582, 28194856, 52060369, 6640906, 11694061, 21097922, 39627457, 17025173, 62998401, 2260266, 
t: 
55637529, 5772201, 37220195, 14442047, 50259450, 29949273, 53539640, 18458367, 36306248, 13647591, 
t: 
32031466, 17276858, 9634546, 10359281, 25197321, 6718193, 5210680, 32601996, 48019047, 10893778, 
t: 
31625494, 25863075, 61971902, 12252193, 20942744, 23611673, 30447122, 3824396, 51854583, 667956, 
t: 
6903295, 5337290, 24727483, 11171176, 28433377, 22894215, 26724563, 32539546, 33729119, 26449698, 
t: 
64634721, 8140107, 33546461, 6897523, 40533439, 19899570, 1139741, 33034563, 54133865, 20409439, 
t: 
59680077, 11368640, 34269310, 12928031, 66048301, 3933176, 24819163, 31753734, 8430758, 32395600, 
t: 
3328816, 9702798, 57905519, 26375101, 30018355, 25118401, 18276125, 17441724, 26782257, 2351358, 
t: 
32717952, 22772651, 36640362, 31176933, 29065297, 18076658, 20484548, 25293481, 1845519, 27402141, 
t: 
5263254, 30951624, 24300926, 25710113, 29862019, 5651990, 552438, 12393635, 21849683, 30549771, 
t: 
12007297, 10428475, 54086009, 22818915, 63820351, 28060332, 32626909, 21742484, 10712888, 31918156, 
t: 
11008933, 27465479, 34729904, 32623167, 54756804, 7222492, 44323723, 10540973, 52843772, 12128431, 
t: 
53173177, 8765953, 45673972, 18415348, 58324329, 4011167, 50661054, 1936397, 51726951, 20779208, 
t: 
39687581, 16185159, 65804926, 4575726, 26138515, 2460231, 37461119, 27859914, 7259376, 6506531, 
t: 
51622006, 23721819, 28243435, 24662171, 37642208, 12454373, 41037342, 9618585, 51881695, 33284747, 
t: 
24434315, 7545687, 39932997, 1963989, 26504954, 9066954, 13736579, 17023976, 66337326, 20898188, 
t: 
14318423, 11017527, 11683403, 22766424, 48427804, 6548210, 46996420, 24502356, 27476101, 20094823, 
t: 
62999951, 6487499, 54808705, 11885166, 23322703, 16451879, 36411403, 19146861, 19851195, 12841037, 
t: 
34659510, 2987050, 22910890, 21657914, 5766422, 10059041, 62924530, 5821825, 30033591, 12615765, 
t: 
14199159, 15512777, 42034819, 8983947, 20924001, 2849169, 25548234, 4992452, 43143960, 25682066, 
t: 
30032193, 13171274, 6048411, 28138440, 60475107, 27972429, 18669704, 5446957, 9948179, 24545804, 
t: 
40973034, 17522647, 40872445, 2793993, 13454108, 9665922, 7566153, 12499485, 61757790, 25006212, 
t: 
25524380, 31486556, 20607912, 32659280, 24614260, 3514285, 27781700, 25228587, 59135317, 13694452, 
t: 
44133344, 24412661, 57907765, 32048728, 36653631, 23916872, 59139531, 28804456, 20600640, 15623962, 
t: 
42117222, 1265681, 64555871, 28071160, 14710133, 29598351, 63105586, 528683, 43418970, 3669844, 
t: 
18465297, 5210924, 40551646, 24726058, 42783148, 13390541, 64077617, 2086117, 10712784, 6420630, 
t: 
14208994, 33544189, 19380055, 29742578, 66584559, 23098048, 58684476, 3876880, 16548594, 15598063, 
t: 
1405857, 19916138, 10216372, 23828110, 43020524, 7985086, 62553441, 25536199, 9287324, 26943373, 
t: 
16649528, 21042632, 33129672, 33195916, 34982048, 2774753, 4746374, 12890052, 8605257, 8139449, 
t: 
54304573, 14669737, 26138361, 2817980, 26030789, 15587254, 39479982, 6292292, 36184674, 27919315, 
t: 
28295365, 15594080, 44234249, 27902212, 57052746, 9515352, 25872190, 14859456, 56887383, 29631080, 
t: 
56718424, 21177954, 36567608, 7814699, 37719818, 16610217, 50287977, 26103718, 46313979, 30845599, 
t: 
67099515, 28283692, 33921702, 24752397, 54855175, 431682, 18214519, 11550576, 9945243, 14451160, 
t: 
29918391, 7210355, 50044656, 132918, 43116837, 7768967, 11940068, 31891020, 35084228, 26182156, 
t: 
17968990, 27442445, 61986284, 6371983, 41135838, 8536044, 64116546, 12429358, 54624029, 8738271, 
t: 
7584023, 4809628, 1003295, 765583, 18253438, 12091579, 31489499, 5822913, 66148212, 11156214, 
t: 
24198464, 12331359, 47168291, 2361608, 65228869, 4336719, 25134145, 8826439, 64971425, 1481624, 
t: 
58825706, 28235519, 44154911, 5264454, 42511258, 17607522, 30792462, 23211237, 43562770, 32588618, 
t: 
52951902, 6649336, 56758704, 32197808, 23933544, 31650780, 30314027, 8271042, 11975421, 32038027, 
t: 
55694957, 13259984, 19032749, 24999442, 15608112, 25632228, 56614275, 10932724, 3693127, 17038644, 
t: 
33639021, 2362675, 26860144, 26992881, 37896477, 19584094, 2145866, 30363063, 48956009, 25545244, 
t: 
54552184, 32728901, 33715249, 10766789, 24518717, 10662166, 13974371, 26165526, 28802187, 27468903, 
t: 
43376047, 20995906, 35357784, 18568286, 64335481, 2023187, 327419, 1563806, 53271662, 11528114, 
t: 
539327, 3705624, 32843389, 33289323, 19998026, 3591072, 31465788, 33447591, 3132461, 20718585, 
t: 
25886890, 24124840, 4574773, 13757367, 4773749, 8866599, 33179813, 18161434, 59660274, 30788339, 
t: 
48764867, 3385492, 2865610, 20690238, 66957170, 13328847, 2039064, 25925127, 40625065, 10204053, 
t: 
31652107, 23258643, 59056100, 10392800, 28292451, 12616057, 33955082, 1290876, 66676152, 25010767, 
t: 
54029286, 17611698, 14248684, 12244144, 5158168, 16651608, 27480615, 32798067, 11942327, 26467993, 
z2_100_0: 
8985308, 30744382, 18141300, 27245489, 64357198, 7940650, 23594638, 25464159, 64634038, 582761, 
t: 
3817755, 14157755, 42344841, 10509557, 16905059, 23662495, 46358674, 23689347, 28396800, 32197862, 
t: 
33321775, 30741614, 32645855, 23808411, 10790991, 5769718, 53326443, 18853874, 59835649, 4422137, 
t: 
41120680, 26623794, 3631027, 25103833, 50720000, 27274425, 59605224, 20703189, 37275182, 3390357, 
t: 
11736384, 3136193, 16339708, 19860951, 63887975, 14343932, 19181194, 33306740, 53975756, 19273073, 
t: 
40260125, 11300664, 23061694, 26380680, 15415351, 25382341, 32953457, 29606680, 49537098, 756537, 
t: 
35956482, 13815984, 49218224, 8790133, 58381255, 20487469, 17109577, 18649303, 31254831, 18596785, 
t: 
47887245, 14521817, 6146408, 20522002, 2660937, 3618426, 19633326, 24638559, 24335844, 28195817, 
t: 
37254787, 30228801, 27393933, 4629598, 52707687, 6280054, 64171956, 20818949, 59983481, 19703952, 
t: 
58352522, 8642522, 38506294, 28727783, 31109713, 29848978, 55272062, 21282994, 15534182, 11947970, 
t: 
6750635, 18260826, 45253046, 21985562, 40561702, 20099934, 43117696, 33391926, 64889212, 21345007, 
t: 
3692919, 11472964, 10810923, 23217515, 33893904, 2828173, 29927051, 20652706, 30875806, 23817901, 
t: 
43642998, 5875109, 27678094, 27483846, 6032025, 30096130, 62229417, 27510906, 19559978, 32763586, 
t: 
8127753, 29698676, 54299053, 2868239, 3569519, 31004913, 44728036, 18837061, 21384281, 27946912, 
t: 
44688663, 5726447, 48301406, 6672071, 56486222, 7255732, 19662983, 16304986, 48641794, 20537185, 
t: 
9611391, 14910859, 16963291, 3355361, 5390008, 26688826, 43418565, 1749749, 55721315, 16666293, 
t: 
63726504, 2155820, 38340904, 4712771, 49298677, 29864333, 17975170, 9695456, 10748665, 4578864, 
t: 
34580146, 11901258, 65224827, 24220737, 47099607, 10651738, 42317257, 26065246, 40189283, 7860162, 
t: 
6937731, 6995028, 17700291, 23509604, 32474934, 8887210, 52001935, 12778680, 44584579, 1847196, 
t: 
55394563, 9675914, 34001827, 31507228, 7010935, 684287, 31594931, 31485681, 62066792, 25157557, 
t: 
34705369, 4625417, 14244692, 33104843, 19585234, 1901322, 64289428, 32740200, 13986066, 16538349, 
t: 
15828941, 28044403, 55817298, 24468126, 1303041, 13618558, 50770575, 33013618, 21460163, 20063249, 
t: 
43461322, 32963996, 40041421, 4793484, 27266417, 6980714, 3373235, 29600794, 46890689, 26264221, 
t: 
31129660, 18632947, 17942552, 29798913, 39562154, 2976114, 3086695, 7822487, 24007780, 24406659, 
t: 
27442751, 11280373, 4206390, 7176529, 30892936, 19443550, 13885782, 31326082, 15937164, 14856363, 
t: 
58319377, 16358490, 2104740, 5074389, 34214154, 29041374, 46902398, 7543819, 49272905, 28006383, 
t: 
4487882, 9311543, 23222639, 21011951, 53925904, 28905158, 32574990, 18046284, 25660850, 12369770, 
t: 
18167186, 5939397, 24953087, 30390447, 57019397, 19258674, 20482407, 14896838, 56160369, 23669807, 
t: 
8410869, 3543135, 2680660, 7098055, 42624619, 28102997, 9848989, 7588147, 11652699, 360676, 
t: 
66336203, 10082761, 59157535, 19163343, 9950424, 5869618, 15150758, 24375551, 8957237, 3831509, 
t: 
35106322, 10253544, 37499133, 32195460, 61172606, 3318634, 48900211, 2031322, 15624246, 5829276, 
t: 
9023445, 4965161, 19952050, 2347092, 65252872, 7651005, 26929113, 31558881, 13210327, 29408426, 
t: 
37786868, 20887980, 43034388, 25633766, 23651698, 23724371, 32431787, 17751277, 7766691, 25634839, 
t: 
24782498, 13729882, 35367714, 23003186, 66285856, 20209399, 35038022, 5178642, 37328015, 25555369, 
t: 
9835268, 23213739, 47364890, 13350428, 9984901, 20873972, 35795347, 46793, 9787665, 12968309, 
t: 
41029072, 12284063, 6868936, 11787006, 66853025, 5198741, 36087602, 21224618, 66995450, 11122398, 
t: 
50994515, 16410208, 41032696, 8169712, 41842656, 30085741, 51750575, 7987171, 53574226, 22052359, 
t: 
46111040, 10396741, 62362386, 23863477, 47725343, 8733644, 36940717, 18398988, 48804133, 3308857, 
t: 
4949121, 8329308, 19628306, 9914681, 40731699, 30858057, 28161847, 19660292, 14885412, 28950050, 
t: 
19377940, 3519077, 13419538, 23539028, 9579585, 6904917, 48548979, 19671896, 31703544, 21366153, 
t: 
26003043, 13595994, 21974393, 6637053, 52295708, 5578110, 52520493, 28552456, 36559833, 9129425, 
t: 
51943747, 30172045, 57513707, 21484995, 21477262, 27156193, 26459304, 30961505, 54033496, 18705544, 
t: 
19405656, 7316074, 64778767, 9836269, 40514489, 32245087, 34038094, 21206872, 66525561, 23407152, 
t: 
67073600, 20607094, 46042540, 9397920, 41144513, 14765678, 54143069, 22287601, 3702263, 13050341, 
t: 
61154677, 12140234, 19903740, 9698610, 35936998, 10749067, 52935931, 1539489, 9992805, 551268, 
t: 
42402985, 12520858, 62450377, 23986800, 13010565, 3028503, 33360465, 16883273, 65012598, 31064452, 
t: 
65137718, 1199157, 20697362, 25940262, 57840029, 26074216, 29108925, 18051576, 46034213, 27164357, 
t: 
65708081, 17847148, 3452999, 28490059, 17052972, 7522045, 30516791, 23913230, 27561548, 13826319, 
t: 
5498665, 26796170, 48257292, 7199933, 90676, 23537188, 47260112, 13513826, 4874186, 1904259, 
t: 
24231301, 21181158, 1795273, 5672448, 36464649, 15234850, 19907662, 31076847, 52626476, 15432532, 
t: 
28724127, 13984788, 10265048, 13576283, 54755104, 4222187, 43078164, 7374302, 46966453, 29887610, 
t: 
53352296, 5168825, 60776601, 7628951, 63691622, 5814771, 6466055, 31709295, 36969035, 9488966, 
t: 
16720372, 20702538, 64884570, 19259849, 13682374, 1632668, 63222579, 2929900, 51919495, 16944788, 
t: 
48276279, 22226984, 39290640, 28254278, 7786593, 2068191, 32612798, 14403736, 21919721, 6768303, 
t: 
30945702, 27267378, 42353708, 22778115, 26646473, 27340603, 58747291, 21304103, 27435668, 19616586, 
t: 
56850825, 2002426, 42112888, 22231700, 41978709, 9747664, 34599638, 18946593, 16291173, 7420707, 
t: 
1219041, 25582241, 31616467, 6872821, 62443823, 8922662, 25662706, 4649682, 6974283, 15185044, 
t: 
21451366, 18081827, 10287156, 13646390, 3802882, 13232115, 37381903, 3461662, 13127317, 16623919, 
t: 
50743239, 3575226, 15994109, 27605254, 35189200, 16540046, 43646225, 11573489, 1927233, 1329435, 
t: 
15651321, 5838980, 51112662, 8077845, 23037294, 27705945, 719968, 2721191, 25181946, 29201893, 
t: 
37911845, 26536247, 54097536, 15936560, 42433371, 15052234, 18858531, 26820731, 36872912, 28510917, 
t: 
11924065, 31387340, 43232226, 27924288, 24713268, 18686723, 51770924, 13281819, 63376661, 18110455, 
t: 
6162839, 28428798, 19146358, 16740817, 56832758, 14533309, 27418472, 30511761, 51831476, 3780356, 
t: 
23021718, 32617871, 31589717, 4908298, 9129314, 24874085, 17678465, 19280034, 39634299, 14756771, 
t: 
4577928, 6582252, 25942434, 30857569, 51380330, 16372866, 7839279, 27474745, 20993228, 10906774, 
t: 
45581861, 17470492, 2997727, 818532, 42834663, 14528205, 30113805, 29745972, 63464510, 15037269, 
t: 
44899964, 27121496, 8616289, 2976173, 207501, 30838472, 33042025, 28941919, 11836876, 26627798, 
t: 
37140110, 4162890, 58429346, 8643958, 28066235, 26189924, 14566649, 4957227, 48261128, 19532635, 
t: 
3020269, 19626888, 43143684, 25210659, 19643880, 25887264, 26003647, 4210283, 16522261, 22595290, 
t: 
37014040, 3019211, 30625253, 15053940, 31613657, 20191339, 43536851, 24841891, 39742634, 22685619, 
t: 
28663231, 6579556, 62222271, 22162113, 49975147, 30778228, 33463222, 4420990, 25405141, 5441028, 
t: 
1642058, 2880007, 1935546, 16585400, 47571140, 805225, 55441084, 7502254, 60059900, 27138475, 
t: 
30731644, 9045297, 17493740, 17560528, 51929840, 14158200, 45450348, 4089950, 28836743, 13015479, 
t: 
33929030, 21252285, 51000590, 4782965, 43041840, 14347239, 23953332, 16654528, 65854243, 21272599, 
t: 
17118073, 25298392, 7083269, 31986149, 60030865, 4235675, 12286050, 31982616, 60792899, 21976472, 
t: 
14345571, 7074509, 39349918, 14509041, 6493724, 25928976, 10817135, 4556165, 25192941, 29169679, 
t: 
64299724, 1071479, 65408329, 18433155, 19445691, 15884651, 55286806, 8320646, 41380380, 22860592, 
t: 
49586296, 29921738, 34234406, 30793058, 44323780, 25205814, 58223366, 2302920, 66907504, 827821, 
t: 
23700469, 11178752, 36878696, 12589213, 7505292, 10278583, 40426203, 9504465, 34542868, 5300496, 
t: 
8330862, 880163, 1429559, 11916241, 297570, 2429372, 61818542, 6502648, 31439969, 5791322, 
t: 
31859017, 21862308, 12158619, 9361303, 65413906, 26447100, 31557239, 27302449, 40007942, 2861490, 
t: 
34566431, 2862076, 9016266, 7714359, 53519614, 25332944, 61361438, 20519287, 27856919, 30532766, 
t: 
11012470, 7062393, 37211016, 17675612, 14840866, 29164328, 18871304, 4050249, 31095682, 7245092, 
t: 
6493372, 22870161, 34515779, 23031717, 3334334, 7308479, 33091058, 23845607, 36843411, 22718872, 
t: 
17949511, 5716331, 56683774, 16188350, 14590460, 19394006, 26455090, 25382510, 41198457, 29755252, 
t: 
15616227, 10173623, 22360622, 28077750, 10055675, 31028149, 6626899, 12191466, 21511654, 16708823, 
t: 
19860586, 32295659, 59322651, 9929791, 63846675, 17311185, 23580892, 20136053, 17018632, 29763548, 
t: 
29741509, 17374148, 15508042, 10790827, 56124197, 31877355, 47096721, 28393088, 19203664, 16969098, 
t: 
63567058, 29607623, 54122597, 25412403, 45317, 13475150, 21209911, 4530086, 35876691, 5564117, 
t: 
58326302, 10755048, 46321562, 15769052, 54162338, 17579309, 53093807, 27617002, 1081812, 28059810, 
t: 
38854764, 5700625, 58467163, 1156758, 8948703, 2495626, 12113960, 28094727, 31096068, 2524858, 
t: 
36336756, 2122277, 8561729, 309850, 6694732, 13582873, 33666315, 12083810, 39815329, 1923373, 
t: 
40330351, 22924613, 30422065, 30921083, 63373950, 10148019, 405787, 29932237, 7210094, 16142534, 
t: 
54342979, 3519330, 20534690, 17312600, 37381463, 873427, 36736769, 33084029, 60469676, 4158364, 
t: 
477097, 13880182, 8020071, 32436893, 33589677, 11492428, 32532336, 10512577, 50038993, 28008290, 
t: 
64469355, 14748204, 41374991, 3200640, 54752244, 23864856, 44621207, 9782894, 55155730, 30628969, 
t: 
52265658, 8843389, 54377053, 6762591, 54248436, 12631471, 9290215, 26336078, 42502216, 31728137, 
t: 
18375848, 25095853, 389819, 4156874, 54083114, 5943279, 12275120, 30992850, 35241337, 26641330, 
t: 
1787012, 10474255, 66298729, 11265877, 60504578, 14958107, 54438829, 4742036, 7270222, 25404899, 
t: 
30308210, 6815515, 31597523, 22266786, 50872077, 21476185, 5477197, 11036423, 57331337, 4834006, 
t: 
7310288, 19000440, 2969783, 3714247, 38674227, 21223189, 9884628, 31250017, 20537655, 21300710, 
t: 
40475813, 21193163, 36847087, 7136868, 21606067, 32114607, 24322368, 16742789, 30846334, 21418038, 
t: 
50541738, 28141370, 65458436, 30683759, 56428317, 4378174, 28975757, 30533390, 63830327, 18671569, 
t: 
56592958, 27995590, 39476980, 18058604, 13604796, 29854670, 52405052, 31405964, 57212287, 29927596, 
t: 
46252850, 12494055, 7852481, 10685764, 50827653, 20799585, 23299114, 22775035, 35002342, 833700, 
t: 
26318815, 12766552, 61381854, 2960683, 18407478, 26416922, 65772337, 4823875, 48135956, 21260403, 
t: 
7114815, 2066314, 11011854, 32006308, 5099019, 4493872, 7181117, 28357852, 53390499, 1061977, 
t: 
44997960, 25983322, 4017423, 1840026, 22549801, 25401454, 53734201, 23029682, 3597236, 13789992, 
t: 
29889031, 17660572, 38670045, 11790365, 52755322, 13749680, 14206000, 25609013, 64350079, 29252086, 
t: 
4550983, 19008974, 52137354, 196707, 12446173, 30649201, 50714895, 22126506, 21999096, 9403160, 
t: 
43742462, 28682700, 31882046, 7075580, 2574059, 19051023, 7108288, 7564925, 61010740, 24953809, 
t: 
3751750, 11081784, 49557075, 25549652, 56639704, 3581937, 21876341, 15247821, 56001809, 8000535, 
t: 
24876662, 19131103, 64347461, 25489655, 59307486, 23814407, 40461427, 15982602, 5484484, 31260274, 
t: 
64051085, 9635282, 53984694, 5192003, 25798087, 28467422, 9633382, 3358990, 9028372, 16846931, 
t: 
42939513, 6746725, 48822634, 14426792, 1503399, 21403270, 51871701, 31197533, 63232849, 18262138, 
t: 
46134568, 33063206, 2316346, 7780645, 7287696, 18727515, 36819762, 7489796, 57260348, 5924190, 
t: 
39911512, 8829990, 63678155, 21175341, 89087, 17921194, 9488483, 14118906, 12736297, 16401020, 
t: 
5617946, 15878565, 42690834, 6628975, 49072179, 14986637, 12616215, 811506, 25244576, 7969112, 
t: 
50602540, 26950099, 40192517, 18264621, 52272839, 611435, 65981732, 18848468, 43778787, 33506082, 
t: 
1807587, 195258, 38967910, 3843230, 24292279, 28544909, 61972635, 31790726, 35703647, 19849421, 
t: 
3230719, 20591266, 543452, 29176424, 19309147, 13966060, 62332496, 2056722, 62183027, 2080790, 
t: 
34687373, 6471669, 19521717, 25896622, 56668357, 2604810, 66507654, 7938655, 8882727, 27173218, 
t: 
38158267, 16620815, 53214246, 6026344, 59384067, 9765909, 35339732, 18091077, 52785818, 22596607, 
t: 
40440495, 692726, 19444158, 13392414, 41725462, 22154641, 38752901, 22703034, 36498000, 11332954, 
t: 
1099197, 21153916, 63954988, 19162495, 35063147, 18312529, 31658722, 4215987, 38001739, 24976050, 
t: 
13622387, 6735213, 2300130, 18735254, 59691659, 32473961, 3858121, 27551090, 55284330, 738458, 
t: 
15562676, 3323972, 28043747, 8833090, 14188239, 8142733, 29679438, 5303918, 62287023, 27388333, 
t: 
58923068, 4954883, 54446038, 7583183, 61947121, 27213121, 8609603, 14542848, 2722107, 29892773, 
t: 
36452996, 8193222, 32324140, 19400918, 44800331, 12994613, 50297969, 19119324, 59890352, 27651344, 
t: 
66355697, 24388103, 10840544, 12091241, 3310841, 32349329, 36129726, 31909088, 44982571, 15034792, 
t: 
56829857, 20259287, 61532135, 9323751, 3766391, 21927721, 29188729, 32759982, 45714829, 3050811, 
t: 
1421648, 29974589, 16439181, 8148196, 19621819, 5502735, 3831330, 28776809, 57307805, 17404119, 
t: 
28994534, 22974850, 1884798, 2395787, 58565546, 33058381, 65562676, 21191914, 15745879, 23066442, 
t: 
13224046, 14340378, 13811061, 26507895, 39061877, 5673431, 52058005, 29919427, 47522687, 24399456, 
t: 
62751590, 6116311, 3621867, 6325211, 25652299, 3289694, 65728805, 1315194, 26546694, 8336521, 
t: 
51156384, 11590605, 60616354, 1006748, 7340281, 2082817, 6328485, 26392691, 66771095, 4298615, 
t: 
44025963, 16582843, 43164317, 10310093, 8928009, 778072, 66994754, 8193806, 53441238, 6953339, 
t: 
47248249, 19649307, 23683160, 32239418, 64463259, 10895788, 52427452, 16400498, 50410336, 32430803, 
t: 
48114616, 32559120, 42554846, 31935683, 2167061, 9448606, 66096964, 2226204, 12204232, 31025158, 
t: 
56971993, 29954493, 64780439, 28169311, 35698195, 20775303, 54775615, 13765337, 62814037, 8372332, 
t: 
66464613, 20016162, 46903304, 26101579, 25270949, 5991586, 57283223, 3067363, 49095025, 32842618, 
t: 
11546410, 6308897, 60712709, 22422628, 19294157, 25850468, 47079938, 5002383, 58237355, 6972660, 
t: 
34265433, 12198284, 46019418, 4741285, 67046902, 3659682, 60918192, 14913739, 35603209, 4759545, 
t: 
11197837, 6887501, 17370623, 4954522, 7203074, 27118472, 51456575, 20975244, 41188554, 20037794, 
t: 
30337434, 33496373, 27360720, 19092833, 61000965, 368038, 38023056, 31763920, 49175229, 8235736, 
t: 
10543230, 2531469, 1608766, 10746642, 9523337, 19775803, 27112219, 31691981, 2995260, 31462886, 
t: 
27523481, 23990751, 57515468, 29071945, 6625842, 11855289, 2166279, 20914856, 63706782, 4969843, 
t: 
18789020, 19605445, 41017314, 22274281, 58359795, 27776784, 40729393, 14307174, 14750221, 22249451, 
t: 
55743096, 8817696, 59866981, 1708823, 42442653, 19556180, 36097839, 27251608, 10886061, 18853103, 
t: 
10535142, 20824198, 22040903, 557540, 20988597, 15780395, 2044693, 2717994, 20816935, 15480916, 
t: 
51958822, 30431984, 64252528, 24532110, 67021207, 16611300, 4358432, 15834965, 49067124, 16916031, 
t: 
1860007, 1295769, 19146953, 22753857, 36587279, 4248452, 52452593, 32913722, 63287354, 24845279, 
t: 
14097897, 26544381, 62231793, 26685087, 26049341, 3513110, 30562179, 26402711, 31373305, 22510553, 
t: 
21314479, 23149815, 1349681, 18096979, 8201595, 3067608, 53211868, 20141547, 26452400, 12151143, 
t: 
20672880, 21947728, 53347173, 19128338, 67042575, 15806105, 29584242, 21287493, 13255954, 17794186, 
t: 
9032407, 27716631, 54578327, 16024054, 34046769, 8808863, 13498009, 22349039, 39701334, 9120290, 
t: 
17110916, 12468792, 17399059, 33317238, 48434839, 11787399, 28079240, 32214549, 10686081, 16106009, 
t: 
1766259, 18836888, 63894530, 24556606, 57675727, 17174802, 21639780, 30268865, 60986852, 6622130, 
res: 
43066194, 11821405, 32495562, 26162991, 9136424, 21873032, 25768362, 1559236, 9537546, 2435527, 
Inv passed
