gcc -march=native ../../_common_libs/radix25.c ../../_common_libs/radix25_vec.c \
../../_common_libs/vec_utils.c \
main.c bignum.c -o out  
x:
56979096, 8570560, 26308014, 24122168, 49219689, 1458285, 8700581, 25970563, 8273080, 7714699,
z2:
50930837, 20740871, 14005878, 20138371, 10482029, 16231300, 44082054, 33522090, 51821034, 13706240,
t:
50106187, 21029885, 57791077, 12795838, 16475153, 29972673, 59712616, 11747338, 22499141, 11357625,
t:
27013257, 8056854, 29673231, 20923677, 40959805, 5476750, 62486760, 25945319, 38104616, 32223607,
z9:
27729309, 32113604, 18213575, 18250523, 46430360, 12612723, 1865856, 31748851, 60783757, 9421955,
z11:
13130290, 32191995, 34380173, 8269521, 39179561, 19450375, 1539487, 1804125, 62904474, 14166622,
t:
44466205, 9185729, 53634072, 6919273, 42015212, 19373177, 35119912, 26016895, 56835046, 16113906,
z2_5_0:
63472685, 25744211, 62453545, 25568298, 4732011, 28042872, 45016356, 22321101, 13525752, 28737756,
t:
20610228, 12127988, 22954611, 14906738, 44310892, 3721477, 39013015, 8910406, 2684315, 22309351,
t:
7932165, 22123547, 45618130, 18654689, 1351880, 1140101, 40120255, 28600740, 66922186, 9857820,
t:
19422524, 7972409, 32770083, 6250915, 56027663, 27289869, 36738304, 11191403, 24140735, 24714890,
t:
8589115, 9653467, 65818368, 21878023, 53798631, 32242568, 21824096, 354065, 46257352, 4309085,
t:
20278006, 25776062, 47135254, 9000519, 60630020, 23567572, 56513721, 33383526, 21828193, 10494210,
z2_10_0:
1598394, 4165151, 13112332, 4504527, 3450347, 13818079, 51252288, 18811141, 39265846, 29284239,
t:
4459462, 23553394, 66371222, 14216929, 36868837, 23474986, 46510699, 32873821, 26582579, 28300316,
t:
31137684, 15101254, 24384997, 23936855, 13349651, 14704445, 47889100, 13679647, 12075279, 3450726,
t:
14173422, 23048823, 47823954, 23286087, 37569099, 12768858, 18534195, 20415196, 15668744, 5013738,
t:
42320773, 13885397, 50328153, 33204354, 52283908, 11879614, 55253097, 18931367, 10389581, 16800444,
t:
26088776, 29077709, 19555044, 5872246, 64462971, 1964104, 38414289, 13164516, 9245548, 20671199,
t:
9970863, 18586156, 58340078, 13769484, 58306817, 24674369, 2711995, 22697754, 29435469, 29565559,
t:
41862232, 29230061, 53794273, 4705893, 27863734, 28001517, 54388664, 8442191, 10240617, 5878022,
t:
967053, 12485541, 43761318, 18333745, 62805713, 12932803, 3159022, 19023690, 7382236, 4274268,
t:
33257554, 21888767, 52277632, 23860557, 44026402, 1917776, 30027219, 20246936, 48233319, 6740562,
t:
42617077, 3066891, 4267094, 9279430, 53320458, 10739739, 32623244, 664674, 36818444, 17652383,
z2_20_0:
12242100, 1880253, 62002212, 9438373, 23141508, 33255976, 6699248, 22726199, 10594168, 33284011,
t:
16514303, 11666512, 3729187, 9912371, 49385648, 8715904, 55493300, 27523631, 48125165, 26663686,
t:
443928, 29019794, 36232792, 17616870, 65836706, 5244355, 1720464, 28796285, 63703241, 3986982,
t:
17640456, 27153516, 62479897, 22120467, 39628993, 17803780, 24819819, 31135571, 17229977, 17554338,
t:
5739426, 19165532, 4315551, 20326914, 27195094, 6082791, 40862615, 17355527, 37538818, 25730589,
t:
27148211, 3773998, 17536263, 15304840, 5970146, 1853583, 37575623, 33281205, 22354404, 9718590,
t:
49109228, 9787268, 7906552, 16851003, 38127833, 26688887, 51126682, 7260148, 8632732, 8406651,
t:
63317757, 19072460, 30720059, 33059083, 21916289, 9421403, 46006061, 15864873, 25460694, 10980125,
t:
53707644, 23148126, 23879933, 4973047, 52978680, 24042401, 23463915, 11355857, 5761564, 31098895,
t:
4950492, 28105083, 60211035, 20603659, 62310574, 29748503, 9362323, 23955332, 30644974, 15587643,
t:
41249625, 4409449, 7583779, 2914933, 56170556, 4012897, 51021480, 13926304, 31358199, 14566014,
t:
752966, 1258247, 25741008, 4316466, 59602089, 31477084, 16824072, 19904598, 44996237, 15229220,
t:
28810616, 11864224, 27919457, 12048814, 21754044, 12227443, 4226026, 32700217, 9371135, 32009504,
t:
15206281, 11923009, 31505110, 555711, 2179802, 23479107, 30985951, 19622028, 55710165, 75580,
t:
25174135, 14958528, 33467843, 20110082, 4008554, 18940077, 61631031, 19419150, 1036597, 8774412,
t:
16847882, 32058767, 49623623, 8868774, 53605166, 14207444, 47661267, 30598911, 16755041, 5719450,
t:
5971894, 26264796, 64982744, 2458161, 41245214, 6733127, 14248173, 33010443, 36532958, 3089590,
t:
27868106, 31763819, 29847662, 27376496, 27640054, 6647152, 37714828, 32146204, 23269637, 3687273,
t:
62521161, 18184879, 15717838, 1298167, 6992583, 12038263, 23522202, 29298495, 61470963, 19533577,
t:
22210917, 19687194, 22559733, 21439546, 7466892, 14058909, 40950377, 31230486, 49650893, 24815225,
t:
29352666, 15294578, 43684009, 12706278, 14545864, 32663524, 1118720, 3054337, 3262681, 33086684,
t:
4495637, 21894004, 22908785, 8965495, 47559761, 22492121, 13890233, 25650439, 22860349, 33544426,
t:
37804598, 10691021, 64574199, 4541282, 64513360, 16924782, 1217976, 4506100, 996392, 8906489,
t:
21421487, 8672897, 66833827, 9922489, 49505419, 28598285, 41137399, 22173777, 63853568, 9553660,
t:
31872833, 10706264, 46822432, 4151665, 27204703, 7273684, 61599618, 5634786, 37102777, 4842876,
t:
25904895, 13831239, 17692315, 2477139, 25458517, 26997496, 61170283, 17987217, 51196688, 27557149,
t:
66911374, 16020380, 27620974, 8561428, 1792912, 16880360, 50447322, 8076315, 55394116, 14581238,
t:
23830771, 16607420, 14434257, 14706181, 39798906, 25139821, 9611, 19539535, 10814061, 21839132,
t:
64221540, 22635240, 4562967, 24347157, 2958313, 29616111, 23796026, 23007735, 23378711, 10814259,
t:
33423834, 20951605, 28291609, 11703058, 20460111, 8121539, 64829704, 26468519, 17100373, 1431693,
t:
52780600, 2960150, 18306271, 8045766, 32315019, 29382484, 32216660, 5713153, 11908980, 10886086,
t:
31494758, 5477600, 20277202, 3551140, 47032224, 2880889, 62843970, 11037148, 33618240, 27088337,
z2_50_0:
58828689, 7248745, 29395825, 25624900, 31363291, 24161204, 15800509, 24120219, 20525390, 27497423,
t:
8561247, 25811592, 35905155, 21200314, 33407271, 31073777, 31609418, 1191552, 31884830, 5955685,
t:
56835464, 18600291, 60097030, 5927982, 60227828, 13279044, 2840640, 17352387, 53855902, 14675949,
t:
52363799, 24002438, 33004701, 30276286, 24659610, 19922404, 27674266, 29124127, 10128795, 33397033,
t:
9004063, 7625404, 35801362, 25056587, 10669459, 33262075, 4624926, 29452786, 41705667, 17012662,
t:
50926985, 18289180, 24297187, 14690964, 29962643, 32878423, 50884636, 21863577, 57608238, 26215486,
t:
42868447, 21059422, 5926628, 23957310, 51060325, 13021692, 55402815, 13868079, 61051445, 20627485,
t:
22165359, 3216999, 41609095, 12888661, 44411024, 27545676, 52216529, 390654, 65735549, 2388152,
t:
16385799, 31410181, 60515013, 23105225, 1864404, 5684578, 38262790, 13555613, 21328701, 15649551,
t:
42904451, 1184799, 15377429, 9879176, 34017312, 22546311, 66839819, 29201942, 17371572, 8850546,
t:
41810109, 26792472, 31251567, 30493022, 6536594, 16390398, 39621769, 33011709, 7576393, 29949725,
t:
54474359, 29208584, 43917116, 9486800, 3116297, 8827669, 31761471, 932663, 18639362, 23782314,
t:
4993475, 31197554, 22797342, 24228668, 6012125, 29652348, 13182258, 18745681, 2971396, 13076366,
t:
14031178, 1695223, 33687472, 814589, 16786373, 32187248, 23144067, 6615576, 12825929, 25736478,
t:
8532779, 23377648, 8485305, 11952861, 27086462, 22019937, 3057355, 23374424, 5381347, 17101263,
t:
54263281, 26072169, 67011975, 27860860, 9957234, 26922658, 33013013, 19187984, 44150809, 26649415,
t:
48851320, 1997254, 15801259, 28348961, 63587199, 19124096, 56973296, 29858368, 65114956, 23232744,
t:
63312683, 32728318, 28343393, 32657861, 12310969, 7356012, 65225873, 30153415, 19193206, 31191437,
t:
44276288, 3226838, 2702717, 4146786, 53612469, 2253978, 62128572, 20254448, 43479704, 3230867,
t:
16150832, 6418867, 13971252, 5187575, 11592998, 20898046, 26456303, 20071580, 34866482, 27712921,
t:
57312074, 16698462, 27651740, 6936952, 15647136, 16369056, 17450393, 4170617, 4831876, 8809149,
t:
832758, 5934986, 19675300, 18715285, 46737716, 7382673, 12412267, 16893725, 2382153, 32882511,
t:
53046385, 20560888, 6932522, 13199815, 58683719, 19808215, 5304906, 21958173, 62365010, 21390061,
t:
43857965, 32795632, 63313620, 6055576, 8664841, 13625944, 43623223, 16029998, 5327356, 8665481,
t:
56093632, 17186876, 47381571, 8780081, 48313897, 20963660, 64895972, 24252406, 54584956, 18767684,
t:
41785059, 14509472, 46002155, 6207514, 24144160, 8635516, 66143504, 11342685, 62395367, 24533413,
t:
21665546, 29897524, 21163068, 13631305, 28831702, 14095224, 33100778, 14686795, 6467261, 4015162,
t:
64185298, 33058578, 31130856, 5091390, 38688123, 6031552, 22532322, 26248624, 41410692, 11499750,
t:
56855020, 13251890, 11096594, 31559455, 62937113, 10854968, 38351299, 9994358, 25139213, 16625629,
t:
25809295, 25300813, 8292829, 27925335, 35315014, 31151260, 46900112, 31682243, 43163558, 25934404,
t:
14076172, 17067313, 10188373, 2555006, 4937207, 26491245, 50526210, 14461585, 52562788, 20778,
t:
5177256, 12126041, 4645574, 18324715, 57646835, 10645601, 48055634, 4237232, 12624201, 1666347,
t:
1944723, 8427369, 35832674, 250189, 47927491, 28485965, 51976865, 8164812, 24458891, 12877377,
t:
41061308, 24717180, 30338205, 6558386, 21035524, 4794346, 51982405, 24802502, 19295889, 11808488,
t:
42546931, 27346312, 28021567, 24628255, 38872037, 16416984, 16353872, 946246, 42027794, 15371456,
t:
25604462, 7817140, 38473137, 4751478, 27338611, 27478478, 34071670, 6124189, 56288781, 6146930,
t:
63578738, 11643804, 14945020, 15192601, 46290078, 23214292, 62482556, 22175886, 42192550, 25527344,
t:
1436359, 21198396, 10041063, 32195275, 32848419, 5083142, 6192899, 12498938, 38126485, 7477023,
t:
45248600, 8727558, 26233474, 19253275, 6333685, 12083968, 62569606, 27583665, 14656506, 29334155,
t:
22829723, 9115286, 27062527, 25985533, 2275146, 12811726, 18542672, 18163659, 65454399, 16596052,
t:
38290207, 11865807, 40343933, 6478020, 49959600, 12691459, 51823952, 22153888, 44385427, 13513972,
t:
23498256, 5530985, 60177261, 26711336, 56759422, 27960932, 53629587, 2829723, 23749396, 5122373,
t:
7190649, 1447683, 10637829, 1870984, 56785317, 30290375, 32651052, 26170826, 35594928, 25656905,
t:
57145366, 2735313, 11848308, 8202992, 25309473, 11973609, 50527902, 15799404, 65026961, 3913213,
t:
65643036, 20907657, 26627708, 32983288, 15005384, 8164021, 19266970, 27967889, 47073396, 7087303,
t:
23045462, 6030858, 47229236, 27682929, 55094343, 14165683, 35761021, 27828834, 14555893, 13122967,
t:
43417654, 14377697, 19422742, 30643707, 53174953, 3407014, 4291861, 27619760, 43484289, 11923619,
t:
61659680, 13822161, 38428111, 1854698, 24873345, 16878003, 12783554, 31636052, 17431684, 15157618,
t:
21746057, 31189797, 64508486, 10262938, 35123112, 29886350, 49526580, 13047004, 37053005, 22342789,
t:
62539257, 23321637, 60536183, 2614128, 11509625, 3244486, 11979418, 26385339, 45597798, 24779290,
t:
23919627, 32061902, 25978537, 13155403, 1059318, 21481313, 47856472, 2170768, 49260925, 3168543,
z2_100_0:
36627736, 16768999, 2518273, 18962986, 36357722, 19875690, 40333853, 1629301, 1532081, 490390,
t:
53868883, 19988977, 50511279, 3486842, 40604315, 27622041, 65375862, 4252542, 18900788, 23183699,
t:
23158623, 27845221, 31641884, 32342091, 20152421, 4135037, 24532731, 5378008, 56701965, 28818499,
t:
57479258, 29346673, 29171869, 25292839, 13110071, 24871761, 38275279, 5542156, 25719241, 33159641,
t:
50846157, 9256722, 62424615, 15382889, 19640605, 24340009, 50634031, 20722366, 61338967, 17086793,
t:
58555992, 3826258, 39381212, 275776, 18910736, 3240860, 6974287, 12920869, 12651810, 31971353,
t:
24518331, 1273142, 633730, 17888072, 55056696, 9010709, 52601878, 11594104, 45829641, 17968307,
t:
29171132, 24314010, 47754586, 24805175, 61189968, 31494777, 3882248, 22281367, 46680906, 24612765,
t:
5291129, 16553889, 41719567, 13675861, 42043624, 17458647, 58803141, 25194205, 33446713, 2108647,
t:
52622391, 12999665, 4319509, 22806956, 63510163, 9882508, 6438543, 2043993, 47279271, 7509533,
t:
59782296, 27058231, 51413721, 4198173, 11175511, 15180847, 24094691, 2619742, 7234474, 24090123,
t:
3345883, 6352850, 11671823, 442073, 63705503, 829893, 48923839, 12117045, 26341876, 17018155,
t:
8292418, 14663009, 56087193, 2193598, 41722931, 32676650, 51167849, 23542542, 34959319, 30482446,
t:
34399949, 7823599, 64945115, 23222377, 43692455, 12263910, 56051567, 2175234, 26627730, 30931756,
t:
14691179, 25820572, 51735426, 15584895, 8261255, 28357483, 57596089, 6068435, 25629474, 27113479,
t:
22847125, 10122356, 7165916, 29999160, 14423167, 6641861, 42247907, 27447482, 66712813, 12451946,
t:
2878519, 22149186, 32702081, 7703364, 49778161, 9199896, 53324638, 19044132, 26509296, 30230758,
t:
10233060, 5065109, 18621518, 26711304, 36501905, 32410910, 28934962, 19936491, 34900063, 15593542,
t:
13290747, 12031679, 58994209, 6618374, 49026266, 5335600, 40002918, 12803206, 57599117, 33299131,
t:
7503574, 5642332, 24665774, 10835749, 59050599, 3229657, 8842696, 6407064, 5882702, 17170967,
t:
34423251, 5460680, 57824689, 7242162, 60157287, 32080163, 30458370, 28319801, 31280214, 1860649,
t:
15664063, 19615555, 54184972, 29936625, 13220077, 17349714, 59476191, 8702248, 53451258, 17204426,
t:
20920401, 8047217, 39446742, 26419933, 33718028, 23716752, 9109052, 7761500, 12790156, 13328817,
t:
22744310, 16519240, 26342090, 31932702, 34121908, 20936753, 62451852, 30505649, 55203498, 13401887,
t:
9830544, 29317171, 59169929, 5654544, 51941821, 10975143, 12425197, 15528668, 25543790, 22378,
t:
5154354, 1457932, 52779258, 25132593, 38296112, 26046957, 38657927, 19051831, 27162353, 15657397,
t:
61264379, 8153749, 15732754, 30398372, 43916233, 16999554, 16258001, 14498878, 52081268, 32319482,
t:
18803657, 7514301, 50968606, 29562023, 44395972, 18701623, 39099346, 8648705, 5186677, 2276596,
t:
27971655, 11643450, 32925584, 2848244, 53397596, 9340828, 13575446, 17577239, 30729262, 13289029,
t:
16987535, 1066273, 64136643, 10011590, 52262522, 27579471, 41511852, 27436140, 22958613, 4684371,
t:
28423823, 13851614, 22680269, 7989821, 45308442, 31707241, 56959500, 23341767, 44628697, 17658151,
t:
24098547, 18374653, 17841444, 18960833, 39405049, 6763192, 60622493, 7097916, 436801, 28421682,
t:
51931261, 9915331, 51528035, 216876, 25765195, 28168403, 17910855, 22057, 56451760, 4767769,
t:
15598945, 28616418, 43615675, 1391370, 64147279, 2923917, 56414692, 30613310, 33415554, 4467150,
t:
47437029, 24516928, 37608848, 1015533, 37670642, 20055222, 38107301, 5694785, 6118151, 11125512,
t:
24339665, 23413489, 33008685, 28534937, 42760263, 6241796, 46865955, 31621866, 59992403, 24913024,
t:
66425115, 24447150, 54215528, 11809585, 36320095, 14008993, 40051483, 19812873, 40231531, 23526967,
t:
53714902, 24801114, 52870411, 14262811, 33888897, 19090476, 56912644, 8727849, 6415087, 31110729,
t:
54325619, 1934999, 64201687, 11481071, 11554257, 22444385, 7973357, 20270927, 20568114, 7428147,
t:
66003447, 427208, 13662489, 3856908, 2251013, 3018553, 36761439, 16591091, 22076676, 26303541,
t:
29018146, 29280069, 51136043, 24568230, 2340768, 6988631, 24431077, 4381276, 5648999, 7759098,
t:
61126598, 2452312, 55860635, 16799019, 12632947, 2713322, 1941596, 6453394, 761788, 6832710,
t:
44064641, 20408176, 24634035, 287538, 40742987, 12436627, 21039362, 11688144, 64842443, 31297971,
t:
36582865, 1834001, 18365488, 28802952, 63102163, 29740492, 25920000, 5624720, 34763097, 2790486,
t:
42664374, 14121846, 3481646, 7286149, 57665501, 7860799, 41783796, 32133287, 24689526, 12506339,
t:
64314112, 1570800, 43694960, 31709271, 34311146, 12321732, 52713277, 14499831, 56746389, 19022303,
t:
11317217, 28056936, 56262516, 25920342, 9039139, 16065766, 34265023, 12136794, 59705018, 29822610,
t:
42209968, 26679640, 25691509, 11491744, 13361724, 18313838, 59235775, 17107037, 9354306, 3190922,
t:
20671951, 23867567, 1559025, 2346062, 27507927, 33100324, 54055556, 25507331, 15608147, 25053349,
t:
11753328, 5564975, 19884771, 7919793, 30685514, 18085251, 61097452, 24829571, 8189394, 25863125,
t:
16955364, 5342487, 42851512, 9245233, 51177921, 21411547, 27928367, 15254781, 29301564, 14570118,
t:
13990967, 26375490, 53215896, 31130863, 14732948, 29942486, 48914935, 25551108, 5514018, 8248234,
t:
13624174, 14465293, 28104461, 873970, 44463029, 5999636, 24698770, 22916276, 61654823, 232627,
t:
22944337, 6041703, 16472501, 6826900, 42635288, 12389254, 34664612, 33481690, 50967488, 11429882,
t:
28056999, 15252197, 41764547, 15281918, 7707530, 24098470, 47033988, 26300478, 34075915, 22261743,
t:
22868473, 4065181, 5182039, 26630327, 5264915, 8320244, 62977901, 25295818, 32038202, 24457090,
t:
17900192, 29459615, 23292657, 7150, 39626720, 30640154, 47021222, 1297814, 731385, 33245406,
t:
35194428, 3203662, 7874618, 4239862, 61850350, 17799129, 53867165, 4635739, 48830747, 28021876,
t:
42155252, 3020463, 62357389, 19884939, 6777307, 29286900, 12033005, 2938028, 43218749, 4669984,
t:
35055168, 27853501, 13351216, 3380727, 43361545, 31213597, 16483710, 21922781, 12980152, 6684893,
t:
15584583, 1759944, 36391182, 11285106, 11638945, 14046010, 46331382, 7075334, 34474012, 12921839,
t:
24920967, 25853746, 18793244, 11566119, 50398234, 6745110, 52950651, 32786024, 38384674, 17076696,
t:
4508957, 19340973, 4204830, 9015508, 29466668, 24463234, 32440797, 21902313, 1546438, 17449044,
t:
3010607, 17715506, 16148782, 8950942, 62367702, 7616, 35851031, 7269355, 60221384, 21020518,
t:
5193766, 18066268, 27117352, 23885469, 9645284, 23926395, 51827379, 4986620, 24455645, 20697510,
t:
59962065, 5127882, 11810486, 33367157, 34320224, 8050761, 39517562, 119474, 47046713, 12739573,
t:
25440426, 13522660, 6765402, 14875830, 38146743, 21436775, 7258782, 24732257, 36141493, 15115014,
t:
34827475, 9678829, 59863885, 15587660, 32380477, 32335189, 32325008, 24791895, 38920069, 33104316,
t:
11346257, 3888461, 8394468, 8929206, 8685384, 17043849, 4202477, 7627131, 47265933, 27603160,
t:
24033152, 4515217, 18989034, 11340898, 60937139, 26108326, 23091387, 30094531, 13431791, 12396128,
t:
9257211, 16083176, 16411091, 23573677, 28053862, 9629295, 4215056, 23861093, 16056215, 27375144,
t:
26608773, 17146339, 54939446, 13634854, 50735692, 30902691, 23024616, 13516756, 4008643, 31705904,
t:
32273811, 27623189, 49837470, 9653277, 19969246, 11780618, 27224347, 23908963, 66355796, 18212535,
t:
36427281, 6082071, 41231838, 22114762, 63515817, 26633225, 59158778, 9996553, 36079754, 468415,
t:
974409, 1200213, 48922740, 20291640, 63712696, 18313156, 22651413, 15165806, 12474111, 18708231,
t:
61312131, 1770735, 11986186, 2326798, 54030650, 11800640, 64601399, 16090054, 28190557, 25851839,
t:
42826526, 30983027, 41121715, 12140187, 56341100, 22865539, 19538590, 29104680, 52239367, 27627118,
t:
33961266, 1200196, 61808838, 22109992, 33415397, 18828137, 1381257, 3254103, 10234416, 20160181,
t:
13736851, 25478593, 39720247, 7593293, 24193332, 25237344, 13408194, 13848062, 14598226, 4652782,
t:
12630785, 11877925, 19527668, 995573, 65844392, 25957204, 41151110, 9354063, 26038896, 32737472,
t:
54917850, 903470, 45767683, 13148045, 2291152, 13336725, 48458459, 29398626, 60754764, 27208712,
t:
10478659, 13630531, 33554069, 31037936, 46540542, 16629023, 48125207, 13172243, 12550349, 7011692,
t:
15881891, 2306068, 32259918, 8792698, 49930877, 29064981, 57635336, 22987720, 20473393, 20915751,
t:
42508, 12016697, 12092004, 22463450, 21878015, 32071897, 64771144, 18700176, 52181802, 24777130,
t:
45772921, 24447883, 25585090, 16297798, 51591536, 19911324, 42721218, 19925628, 54754680, 2410776,
t:
44546827, 25815556, 11868488, 27541558, 44673670, 19095681, 48926335, 4410040, 7003063, 19734751,
t:
43061536, 2208971, 12238430, 8478274, 13976167, 21569938, 12354712, 4572084, 3368630, 26381945,
t:
33071082, 3057904, 22773046, 29191622, 21876345, 4415363, 59131467, 8667287, 12388769, 9306230,
t:
40099144, 27616952, 2795429, 18609352, 58469828, 31866708, 12103854, 31306702, 32533451, 25056596,
t:
40414888, 1898281, 37908673, 26008435, 8008939, 3625932, 18925243, 15073548, 55086831, 9620638,
t:
63807659, 28495588, 35313668, 15501116, 65257713, 18562917, 32139716, 14642095, 64378727, 22568289,
t:
63188850, 12477742, 51814323, 4172668, 7824421, 16054549, 598636, 18359670, 49858922, 19634676,
t:
64364417, 27954760, 25706469, 29837464, 27869515, 9063341, 41422499, 23453482, 24111000, 32552123,
t:
5222552, 13505959, 48849786, 15986167, 15831293, 32395756, 29690144, 15861914, 52858362, 32625234,
t:
61204447, 30409065, 5879230, 16061126, 31130243, 22108152, 10093418, 23878998, 62155365, 30339769,
t:
14716384, 29047999, 58098243, 4504772, 43098340, 30955206, 52506746, 19980425, 52859185, 30605654,
t:
64919624, 620279, 35569818, 8629335, 55133229, 26208006, 50167649, 25094332, 3917058, 32255368,
t:
54327935, 19688657, 45984065, 18849751, 38563687, 17234125, 24234388, 12491011, 23613990, 25421268,
t:
52801568, 28149516, 21097901, 33055461, 32818777, 22898203, 36314692, 15207113, 13959727, 15954752,
t:
38035346, 26733253, 58809257, 25530784, 18817791, 1759331, 64928800, 10496886, 19179341, 5762877,
t:
20781639, 31883381, 28699639, 29465770, 65041276, 25969332, 37287119, 3039459, 56716040, 17442232,
t:
23209561, 7682807, 45176667, 13306308, 64426228, 15703014, 46834952, 30675316, 20804042, 5378495,
t:
39730055, 14483244, 58498625, 6718342, 28516261, 13997150, 16068960, 10204836, 39314215, 6582946,
t:
1109136, 20276523, 20423882, 26083691, 3425751, 28110978, 44357138, 3927265, 60689325, 13862782,
t:
53408530, 26255871, 20488138, 12105698, 57004806, 14284796, 38640904, 22236628, 56217923, 28798082,
t:
8318868, 11421643, 65864857, 28498003, 59895787, 10541343, 35622607, 16434657, 10744790, 1915221,
t:
21673814, 6600454, 31122598, 3181946, 35550162, 6452108, 65587803, 11551447, 31012422, 29185712,
t:
32521607, 10628919, 17156258, 229274, 36198555, 11370564, 35952370, 31197436, 18899152, 21343243,
t:
16110882, 24727320, 42763341, 13443592, 9035467, 13269282, 16472960, 9973135, 60103640, 1269115,
t:
48340852, 20796978, 42077722, 29330557, 37586503, 30619951, 47073251, 30017326, 48456912, 26962139,
t:
46944261, 12063850, 55285163, 22431972, 5640508, 15327036, 50723960, 10082591, 58614254, 23128133,
t:
22154825, 27961360, 64290870, 13508752, 56715564, 15722001, 59926360, 20637052, 54428411, 32588861,
t:
12621178, 4748900, 8188704, 22042002, 38824239, 18391404, 5181650, 8078403, 12103579, 19229686,
t:
33323201, 9164864, 56138650, 16512715, 18083922, 32810361, 47069146, 2656411, 35254941, 5384540,
t:
36592104, 22434972, 23942865, 21822237, 21384857, 23656206, 21310893, 9515030, 27686860, 4912388,
t:
54409030, 28730952, 42218287, 13394568, 11843754, 18639097, 29266723, 11033475, 59284848, 8019155,
t:
22516003, 26982273, 5439471, 15255690, 39257367, 23014554, 65079256, 12355590, 64875209, 31401154,
t:
37504981, 14195777, 12608424, 29384136, 110421, 11172299, 24969643, 22564767, 46675832, 4550466,
t:
25966829, 20782860, 13344761, 25403155, 55039127, 32313549, 64060796, 27707250, 40208295, 16316628,
t:
30283480, 10876251, 62160498, 19884269, 18289872, 1986500, 63209203, 5061054, 29383349, 29436116,
t:
49535933, 22462428, 47182695, 2995766, 44397173, 3125331, 40753271, 17257255, 3577164, 3900469,
t:
64765173, 10058490, 55444942, 15198779, 30523651, 23917299, 16850625, 8774875, 48682040, 2763007,
t:
11054729, 30395885, 17550164, 9842522, 40329396, 16649550, 49404074, 4459722, 4594623, 12789819,
t:
15893464, 25371610, 46572553, 20776114, 1544026, 11023825, 7316903, 6993020, 60719635, 15476358,
t:
36954251, 16236368, 66148753, 23589790, 22902003, 6798426, 13131492, 25528443, 47999630, 10542145,
t:
23523626, 10314155, 23417674, 4041494, 34420182, 21248820, 52043898, 22338300, 65404878, 24682916,
t:
46869835, 28297022, 49294111, 19306050, 8645903, 5351711, 15631468, 12326709, 43449655, 30518441,
t:
12814869, 4564498, 8393289, 4923175, 14290400, 15922852, 63969268, 31494193, 6086643, 17837852,
t:
13039452, 29917916, 42713102, 27192925, 35359478, 19916869, 56192846, 19334362, 30545119, 7711216,
t:
51263683, 14630380, 38829530, 17794735, 12769790, 13140190, 18144262, 28764252, 1287356, 1124567,
t:
6945468, 8948, 63364668, 18526734, 15724555, 29050592, 9645524, 895, 57952878, 32909915,
t:
14605436, 5666358, 41891930, 7197600, 38042511, 17178963, 14712605, 190209, 65243633, 25391192,
t:
63119704, 30489465, 6110787, 7546070, 57437930, 33479020, 34292465, 14926380, 51621921, 5344660,
t:
53685982, 29676283, 15576027, 26454245, 54830601, 5701992, 26114529, 12559649, 2777497, 26331099,
t:
908824, 4703941, 28358851, 24853458, 65386605, 6334331, 26111350, 19853602, 55756489, 6664447,
t:
62335096, 18751679, 12879967, 26607859, 61899580, 11557362, 48364982, 925326, 25271041, 24229763,
t:
4817619, 12241066, 27513632, 19583311, 19135040, 4955925, 60233749, 2513237, 42337817, 1072053,
t:
54594028, 1093904, 52035490, 24245486, 63578305, 31638353, 30657678, 5012746, 35034695, 2106174,
t:
29806764, 3461618, 36006323, 25967130, 815004, 30981430, 48822717, 31186486, 58128471, 16355541,
t:
7686247, 31700052, 61023546, 12119932, 53092832, 2479329, 39765647, 29726901, 4737234, 4835563,
t:
61945820, 20041033, 11804542, 26013480, 55074786, 32599000, 32298396, 7390385, 36035386, 30002635,
t:
6794627, 32852225, 61175823, 32175625, 60696350, 22770542, 15991028, 27780791, 37346957, 16369227,
t:
1333588, 11225687, 36643867, 22719096, 53479147, 3922232, 6171909, 7365780, 66676395, 15080552,
t:
37198501, 20384507, 31700256, 24037637, 40764947, 4293402, 19533048, 20804088, 15540065, 11895521,
t:
7491192, 16060387, 5890373, 30570697, 3252069, 27553771, 40334020, 30519357, 53078837, 19582679,
t:
10708008, 26166945, 6750925, 25403281, 51433919, 7103221, 10859517, 5037222, 50432381, 23540385,
t:
58629611, 31497531, 61926761, 31214394, 62916657, 5212197, 51583707, 8275322, 13194800, 18947724,
t:
65419700, 32771496, 23389588, 17280329, 17104149, 14077612, 66734760, 24301742, 1772063, 243528,
t:
18315745, 32397094, 50360557, 26978926, 5065324, 20739157, 18275107, 12327945, 17602826, 12548218,
t:
40060127, 2411901, 9067227, 13573918, 377538, 30636635, 41094737, 23818932, 27258968, 16304113,
t:
28464701, 15101690, 6275711, 19628798, 38417615, 3015870, 32995850, 8421761, 33837992, 11041023,
t:
35380276, 14273024, 34062439, 28047626, 43978997, 8334040, 1843107, 1232670, 5275758, 11435635,
t:
50723585, 2028844, 47051303, 30401134, 47416805, 23515787, 23682852, 23904737, 39117977, 550046,
t:
8495625, 2685449, 19239557, 16453756, 17451815, 9686021, 45012855, 28017571, 21280744, 16916281,
t:
46158906, 7727981, 52065762, 23424494, 33662988, 20212579, 27987398, 14285453, 55714615, 6091064,
t:
42983740, 1628995, 7480646, 29917237, 21038226, 20786184, 24662232, 32123816, 3997488, 32760318,
t:
37353228, 8269207, 54503304, 19471406, 64358199, 13376560, 35137669, 1741408, 54895790, 3364914,
t:
39694710, 26468877, 52096006, 13001285, 63286484, 19789891, 65170053, 14609670, 12708081, 13128327,
res:
65914700, 16965662, 25728799, 5823002, 42356920, 13574156, 35558208, 17520394, 65300646, 29266732,
Inv failed: 
  ri_lo   : 65914700 16965662 25728799 5823002 42356920 13574156 35558208 17520394
  expected: 43066194 11821405 32495562 26162991 9136424 21873032 25768362 1559236
  ri_hi   : 65300646 29266732 0 0 0 0 0 0
  expected: 9537546 2435527 0 0 0 0 0 0
